0 0.990809 0.181396 0.0167484 0.0893555
0 0.115605 0.201416 0.0964052 0.0297852
0 0.987132 0.457031 0.0249183 0.0947266
0 0.0159314 0.283447 0.0310458 0.0952148
0 0.557802 0.143799 0.120507 0.108887
0 0.890931 0.0268555 0.0857843 0.0537109
0 0.513889 0.430908 0.0857843 0.10498
0 0.543709 0.962158 0.11683 0.0756836
0 0.10049 0.955078 0.0808824 0.0898438
0 0.217116 0.438232 0.067402 0.192871
0 0.334355 0.431396 0.149918 0.101074
0 0.0267565 0.891846 0.0502451 0.129395
0 0.724877 0.283936 0.0984477 0.10498
0 0.139706 0.376953 0.0808824 0.12793
0 0.164011 0.713135 0.127859 0.123535
0 0.960376 0.20752 0.0727124 0.227539
0 0.548407 0.797363 0.100082 0.108398
0 0.898897 0.929932 0.113971 0.120605
0 0.350899 0.873047 0.113562 0.141602
0 0.336601 0.287354 0.119281 0.137207
0 0.607639 0.35498 0.0984477 0.12207
0 0.811887 0.495605 0.142565 0.144531
0 0.814747 0.682617 0.118873 0.115234
0 0.20098 0.910889 0.0653595 0.129395
0 0.241626 0.0759277 0.113971 0.143066
0 0.565768 0.614258 0.146242 0.116211
0 0.0716912 0.547363 0.0878268 0.142578
0 0.360294 0.613281 0.107843 0.128906
0 0.819853 0.192383 0.0931373 0.132812
0 0.81393 0.850586 0.108252 0.144531
